1 | 390 | 168436.16 | 1
1 | 3833 | 159719.38 | 2
1 | 1661 | 149924.25 | 3
2 | 4725 | 195774.00 | 1
2 | 4469 | 189514.00 | 2
2 | 2564 | 182120.40 | 3
3 | 4032 | 153266.58 | 1
3 | 768 | 146998.10 | 2
3 | 2319 | 146928.45 | 3
4 | 1549 | 162212.11 | 1
4 | 3752 | 158252.64 | 2
4 | 3964 | 145840.77 | 3
5 | 3005 | 165834.55 | 1
5 | 1280 | 163070.80 | 2
5 | 4439 | 162535.14 | 3
6 | 4466 | 179667.00 | 1
6 | 593 | 171989.68 | 2
6 | 928 | 152951.40 | 3
7 | 4887 | 173464.20 | 1
7 | 2046 | 156289.60 | 2
7 | 1784 | 152486.40 | 3
8 | 1947 | 164532.12 | 1
8 | 2681 | 157158.84 | 2
8 | 2461 | 156902.19 | 3
9 | 4194 | 187338.18 | 1
9 | 2298 | 174670.02 | 2
9 | 4443 | 161684.84 | 3
10 | 3120 | 164713.47 | 1
10 | 862 | 160053.76 | 2
10 | 214 | 154850.50 | 3
11 | 500 | 184828.44 | 1
11 | 4012 | 166983.58 | 2
11 | 3891 | 165225.21 | 3
12 | 935 | 171754.26 | 1
12 | 3082 | 164267.52 | 2
12 | 576 | 162311.83 | 3
13 | 3935 | 172479.58 | 1
13 | 926 | 155940.40 | 2
13 | 3671 | 151525.40 | 3
14 | 3567 | 213733.65 | 1
14 | 2817 | 168385.76 | 2
14 | 936 | 166706.00 | 3
15 | 766 | 184551.06 | 1
15 | 1797 | 163971.52 | 2
15 | 34 | 163303.28 | 3
16 | 1166 | 185951.70 | 1
16 | 4838 | 168782.00 | 2
16 | 2528 | 110198.14 | 3
17 | 241 | 156469.22 | 1
17 | 4097 | 127603.19 | 2
17 | 1146 | 119069.44 | 3
18 | 2915 | 150721.34 | 1
18 | 2758 | 137347.82 | 2
18 | 3927 | 121812.66 | 3
19 | 4086 | 191395.44 | 1
19 | 3131 | 168971.94 | 2
19 | 256 | 154017.24 | 3
20 | 763 | 198311.48 | 1
20 | 3876 | 197833.65 | 2
20 | 1823 | 183035.60 | 3
21 | 3730 | 185907.25 | 1
21 | 3579 | 159512.08 | 2
21 | 1358 | 143541.06 | 3
22 | 1649 | 192172.08 | 1
22 | 319 | 178080.76 | 2
22 | 63 | 177247.20 | 3
23 | 3450 | 179364.00 | 1
23 | 2095 | 145017.21 | 2
23 | 3183 | 139374.72 | 3
24 | 956 | 187847.10 | 1
24 | 1790 | 170597.70 | 2
24 | 4152 | 160007.40 | 3
25 | 3622 | 188326.09 | 1
25 | 2733 | 182357.52 | 2
25 | 2001 | 181259.10 | 3
26 | 136 | 209957.54 | 1
26 | 220 | 144096.16 | 2
26 | 2637 | 142185.60 | 3
27 | 1794 | 184331.04 | 1
27 | 1450 | 169861.08 | 2
27 | 2083 | 165835.48 | 3
28 | 1613 | 215155.80 | 1
28 | 3087 | 162687.98 | 2
28 | 2327 | 151673.76 | 3
29 | 322 | 182522.08 | 1
29 | 418 | 144928.50 | 2
29 | 1256 | 130657.56 | 3
30 | 3003 | 162940.56 | 1
30 | 1115 | 152489.12 | 2
30 | 2440 | 151688.60 | 3
31 | 1819 | 184025.52 | 1
31 | 4074 | 166490.01 | 2
31 | 4872 | 159958.56 | 3
32 | 574 | 166751.24 | 1
32 | 4087 | 165760.96 | 2
32 | 1272 | 133407.44 | 3
33 | 4077 | 170283.60 | 1
33 | 539 | 140000.64 | 2
33 | 4259 | 138611.55 | 3
34 | 4005 | 167092.84 | 1
34 | 138 | 166707.45 | 2
34 | 3637 | 166584.86 | 3
35 | 523 | 169290 | 1
35 | 3694 | 156598.26 | 2
35 | 3942 | 153181.6 | 3
36 | 1320 | 168287 | 1
36 | 2684 | 151318.96 | 2
36 | 554 | 150015.07 | 3
37 | 1384 | 178696.96 | 1
37 | 1824 | 151381.44 | 2
37 | 1153 | 147758.83 | 3
38 | 3840 | 180551.04 | 1
38 | 4465 | 159850.35 | 2
38 | 4888 | 135378.46 | 3
39 | 3326 | 155832.66 | 1
39 | 489 | 144807.52 | 2
39 | 3365 | 138152 | 3
40 | 3430 | 175853.92 | 1
40 | 3697 | 164953.74 | 2
40 | 1577 | 152791.76 | 3
41 | 3910 | 181145.02 | 1
41 | 3474 | 168158.05 | 2
41 | 2763 | 159886.35 | 3
42 | 3358 | 149316.9 | 1
42 | 167 | 149170.62 | 2
42 | 2574 | 147677.28 | 3
43 | 198 | 165555.78 | 1
43 | 94 | 162970.08 | 2
43 | 4961 | 153109.62 | 3
44 | 3745 | 145819.96 | 1
44 | 2136 | 135757.62 | 2
44 | 3595 | 131130.4 | 3
45 | 2387 | 194305.68 | 1
45 | 2247 | 165696.32 | 2
45 | 3138 | 164720.26 | 3
46 | 2477 | 153515.04 | 1
46 | 3056 | 153106.2 | 2
46 | 3112 | 141790.08 | 3
47 | 947 | 176096.27 | 1
47 | 2828 | 169743.53 | 2
47 | 1023 | 167380.96 | 3
48 | 1744 | 140375.61 | 1
48 | 3736 | 138292.92 | 2
48 | 3952 | 133289.7 | 3
49 | 2904 | 163411.17 | 1
49 | 4564 | 155320.33 | 2
49 | 1866 | 147304.98 | 3
50 | 497 | 177274.8 | 1
50 | 2576 | 153799.2 | 2
50 | 4593 | 138079.8 | 3
51 | 3507 | 182579.46 | 1
51 | 1186 | 166778.92 | 2
51 | 3436 | 151902.24 | 3
52 | 1173 | 154917.36 | 1
52 | 1614 | 152923.46 | 2
52 | 274 | 150372.64 | 3
53 | 3565 | 189800.06 | 1
53 | 3754 | 150479.56 | 2
53 | 1741 | 137875.2 | 3
54 | 757 | 171443.19 | 1
54 | 3780 | 167344.4 | 2
54 | 4785 | 155979.6 | 3
55 | 1509 | 195975.18 | 1
55 | 4928 | 165266.92 | 2
55 | 3125 | 157832 | 3
56 | 4953 | 208439.67 | 1
56 | 4808 | 181131.85 | 2
56 | 4428 | 176186 | 3
57 | 4519 | 198733.15 | 1
57 | 2113 | 174943.74 | 2
57 | 1204 | 159578.65 | 3
58 | 1822 | 160514.42 | 1
58 | 4541 | 153793.8 | 2
58 | 3442 | 152952.45 | 3
59 | 3788 | 177668.4 | 1
59 | 543 | 171159.46 | 2
59 | 1278 | 166403.02 | 3
60 | 1298 | 160905 | 1
60 | 2176 | 157649.58 | 2
60 | 3578 | 155276.84 | 3
61 | 2265 | 202581.1 | 1
61 | 3729 | 175985.49 | 2
61 | 3557 | 151349.68 | 3
62 | 3714 | 211190.18 | 1
62 | 2054 | 161927.46 | 2
62 | 1836 | 160201.8 | 3
63 | 303 | 173593.5 | 1
63 | 3735 | 170469.9 | 2
63 | 4741 | 164254.5 | 3
64 | 596 | 192677.04 | 1
64 | 1948 | 155945.79 | 2
64 | 2722 | 140450.9 | 3
65 | 3607 | 177030.54 | 1
65 | 2056 | 166124 | 2
65 | 3381 | 149134.23 | 3
66 | 4550 | 163996.42 | 1
66 | 490 | 153171 | 2
66 | 545 | 138094.47 | 3
67 | 3818 | 167304.09 | 1
67 | 1442 | 164853.43 | 2