2025-01-01 | 588364.01 | 588364.01 | None
2025-01-02 | 537807.13 | 1126171.14 | 588364.01
2025-01-03 | 646345.13 | 1772516.27 | 537807.13
2025-01-04 | 528980.43 | 2301496.70 | 646345.13
2025-01-05 | 609652.31 | 2911149.01 | 528980.43
2025-01-06 | 549261.87 | 3460410.88 | 609652.31
2025-01-07 | 582218.31 | 4042629.19 | 549261.87
2025-01-08 | 529378.59 | 4572007.78 | 582218.31
2025-01-09 | 717721.61 | 5289729.39 | 529378.59
2025-01-10 | 515112.67 | 5804842.06 | 717721.61
2025-01-11 | 568225.13 | 6373067.19 | 515112.67
2025-01-12 | 657422.63 | 7030489.82 | 568225.13
2025-01-13 | 561587.61 | 7592077.43 | 657422.63
2025-01-14 | 560581.95 | 8152659.38 | 561587.61
2025-01-15 | 576924.21 | 8729583.59 | 560581.95
2025-01-16 | 544958.73 | 9274542.32 | 576924.21
2025-01-17 | 610984.57 | 9885526.89 | 544958.73
2025-01-18 | 631547.75 | 10517074.64 | 610984.57
2025-01-19 | 592196.77 | 11109271.41 | 631547.75
2025-01-20 | 533530.97 | 11642802.38 | 592196.77
2025-01-21 | 631240.87 | 12274043.25 | 533530.97
2025-01-22 | 514545.00 | 12788588.25 | 631240.87
2025-01-23 | 541211.66 | 13329799.91 | 514545.00
2025-01-24 | 646555.63 | 13976355.54 | 541211.66
2025-01-25 | 556153.16 | 14532508.70 | 646555.63
2025-01-26 | 632353.38 | 15164862.08 | 556153.16
2025-01-27 | 586659.10 | 15751521.18 | 632353.38
2025-01-28 | 636828.43 | 16388349.61 | 586659.10
2025-01-29 | 472891.40 | 16861241.01 | 636828.43
2025-01-30 | 576220.76 | 17437461.77 | 472891.40
2025-01-31 | 555707.81 | 17993169.58 | 576220.76
2025-02-01 | 550154.89 | 18543324.47 | 555707.81
2025-02-02 | 583479.38 | 19126803.85 | 550154.89
2025-02-03 | 612606.81 | 19739410.66 | 583479.38
2025-02-04 | 709741.53 | 20449152.19 | 612606.81
2025-02-05 | 589093.21 | 21038245.40 | 709741.53
2025-02-06 | 576366.38 | 21614611.78 | 589093.21
2025-02-07 | 592828.82 | 22207440.60 | 576366.38
2025-02-08 | 573975.20 | 22781415.80 | 592828.82
2025-02-09 | 584279.15 | 23365694.95 | 573975.20
2025-02-10 | 600918.94 | 23966613.89 | 584279.15
2025-02-11 | 628827.76 | 24595441.65 | 600918.94
2025-02-12 | 607453.34 | 25202894.99 | 628827.76
2025-02-13 | 611699.07 | 25814594.06 | 607453.34
2025-02-14 | 614568.99 | 26429163.05 | 611699.07
2025-02-15 | 597054.44 | 27026217.49 | 614568.99
2025-02-16 | 604616.20 | 27630833.69 | 597054.44
2025-02-17 | 570445.89 | 28201279.58 | 604616.20
2025-02-18 | 554271.48 | 28755551.06 | 570445.89
2025-02-19 | 548148.77 | 29303699.83 | 554271.48
2025-02-20 | 623524.99 | 29927224.82 | 548148.77
2025-02-21 | 623820.15 | 30551044.97 | 623524.99
2025-02-22 | 608449.58 | 31159494.55 | 623820.15
2025-02-23 | 576072.32 | 31735566.87 | 608449.58
2025-02-24 | 637456.18 | 32373023.05 | 576072.32
2025-02-25 | 626999.20 | 33000022.25 | 637456.18
2025-02-26 | 610334.68 | 33610356.93 | 626999.20
2025-02-27 | 591438.60 | 34201795.53 | 610334.68
2025-02-28 | 581232.69 | 34783028.22 | 591438.60
2025-03-01 | 656517.23 | 35439545.45 | 581232.69
2025-03-02 | 572301.04 | 36011846.49 | 656517.23
2025-03-03 | 566845.63 | 36578692.12 | 572301.04
2025-03-04 | 596009.61 | 37174701.73 | 566845.63
2025-03-05 | 657285.01 | 37831986.74 | 596009.61
2025-03-06 | 548008.17 | 38379994.91 | 657285.01
2025-03-07 | 602033.77 | 38982028.68 | 548008.17
2025-03-08 | 605346.59 | 39587375.27 | 602033.77
2025-03-09 | 583415.35 | 40170790.62 | 605346.59
2025-03-10 | 544186.81 | 40714977.43 | 583415.35
2025-03-11 | 546814.55 | 41261791.98 | 544186.81
2025-03-12 | 530712.43 | 41792504.41 | 546814.55
2025-03-13 | 650600.41 | 42443104.82 | 530712.43
2025-03-14 | 566007.88 | 43009112.70 | 650600.41
2025-03-15 | 637498.14 | 43646610.84 | 566007.88
2025-03-16 | 628141.09 | 44274751.93 | 637498.14
2025-03-17 | 580500.91 | 44855252.84 | 628141.09
2025-03-18 | 575397.91 | 45430650.75 | 580500.91
2025-03-19 | 539975.65 | 45970626.40 | 575397.91
2025-03-20 | 608133.18 | 46578759.58 | 539975.65
2025-03-21 | 576374.49 | 47155134.07 | 608133.18
2025-03-22 | 709129.09 | 47864263.16 | 576374.49
2025-03-23 | 569500.75 | 48433763.91 | 709129.09
2025-03-24 | 525089.37 | 48958853.28 | 569500.75
2025-03-25 | 551010.88 | 49509864.16 | 525089.37
2025-03-26 | 598928.82 | 50108792.98 | 551010.88
2025-03-27 | 557585.00 | 50666377.98 | 598928.82
2025-03-28 | 624130.86 | 51290508.84 | 557585.00
2025-03-29 | 635425.92 | 51925934.76 | 624130.86
2025-03-30 | 617368.28 | 52543303.04 | 635425.92
2025-03-31 | 609102.21 | 53152405.25 | 617368.28