2 | 833.28 | 584.81
3 | 366.75 | 460.20
4 | 285.86 | 530.03
5 | 211.32 | 459.90
6 | 293.12 | 599.29
7 | 448.04 | 484.45
9 | 30.83 | 526.24
10 | 948.13 | 623.35
11 | 762.52 | 350.67
12 | 150.08 | 431.23
14 | 348.78 | 525.62
15 | 904.39 | 528.47
16 | 220.10 | 560.14
17 | 53.43 | 490.38
19 | 413.24 | 541.38
20 | 613.00 | 541.35
22 | 516.41 | 567.01
23 | 63.46 | 596.85
24 | 246.95 | 474.46
26 | 528.80 | 502.51
27 | 366.56 | 459.12
28 | 175.43 | 571.78
30 | 116.15 | 428.94
32 | 774.48 | 490.81
33 | 392.86 | 510.11
34 | 833.18 | 567.82
35 | 625.58 | 522.01
36 | 737.00 | 443.13
39 | 789.96 | 414.58
40 | 532.34 | 489.84
42 | 946.62 | 571.10
43 | 292.03 | 443.13
44 | 222.67 | 516.39
45 | 515.20 | 516.22
46 | 837.24 | 584.23
47 | 771.27 | 501.01
48 | 473.35 | 491.04
49 | 267.45 | 433.38
50 | 473.66 | 468.95
51 | 241.41 | 588.34
52 | 300.22 | 501.54
55 | 722.90 | 563.87
56 | 344.79 | 489.84
57 | 999.43 | 495.12
58 | 837.06 | 524.12
59 | 692.90 | 392.86
60 | 448.44 | 541.35
61 | 235.39 | 476.95
62 | 943.38 | 543.59
63 | 770.64 | 466.37
64 | 605.78 | 457.31
66 | 394.64 | 486.92
67 | 513.55 | 450.08
68 | 301.46 | 501.54
69 | 811.25 | 530.45
70 | 209.51 | 542.70
71 | 526.12 | 571.10
72 | 12.61 | 515.51
73 | 757.92 | 491.06
75 | 727.20 | 513.99
76 | 264.69 | 499.01
78 | 884.47 | 450.07
79 | 331.54 | 541.38
80 | 173.64 | 477.59
81 | 352.30 | 522.01
82 | 751.12 | 572.99
83 | 201.83 | 574.94
84 | 161.44 | 417.43
85 | 131.36 | 486.92
86 | 917.72 | 591.55
87 | 248.47 | 456.48
89 | 450.50 | 529.65
91 | 959.10 | 591.55
92 | 789.37 | 412.79
93 | 296.66 | 350.67
94 | 970.06 | 473.69
95 | 848.98 | 571.42
96 | 233.95 | 489.84
97 | 148.09 | 552.83
98 | 649.37 | 480.60
99 | 186.92 | 516.41
100 | 252.38 | 489.84
101 | 917.78 | 501.62
102 | 178.70 | 516.41
103 | 544.96 | 375.57
104 | 9.06 | 392.86
105 | 763.53 | 551.76
106 | 686.34 | 515.60
107 | 33.67 | 571.42
108 | 786.81 | 452.84
109 | 178.20 | 553.60
111 | 62.69 | 533.13
112 | 90.55 | 542.70
113 | 541.70 | 553.13
115 | 159.73 | 537.65
116 | 95.72 | 467.01
118 | 299.52 | 536.55
119 | 190.44 | 456.48
120 | 282.19 | 555.08
121 | 435.59 | 596.85
122 | 740.76 | 515.51
124 | 564.68 | 607.23
125 | 39.26 | 456.48
126 | 132.88 | 466.37
127 | 427.49 | 579.48
128 | 35.26 | 459.12
129 | 67.73 | 525.89
130 | 764.26 | 541.38
131 | 745.2 | 617.9
132 | 150.75 | 533.13
133 | 795.17 | 417.43
134 | 16.01 | 431.23
135 | 352.96 | 417.08
136 | 981.11 | 412.49
137 | 807.17 | 417.08
139 | 394.13 | 478.64
140 | 581.59 | 432.52
141 | 321.75 | 513.51
142 | 442.85 | 443.69
143 | 918.29 | 516.22
144 | 156.58 | 360.24
146 | 316.9 | 417.43
147 | 622.09 | 452.78
148 | 714.63 | 567.82
149 | 83.09 | 433.83
150 | 388.32 | 444.71
152 | 594.08 | 596.85
154 | 18.03 | 525.34
155 | 206.08 | 468.95
157 | 16.05 | 441.57
158 | 141.6 | 451.33
160 | 547.31 | 574.94
161 | 50.07 | 470.39
162 | 961.41 | 522.01
165 | 449.27 | 452.01
166 | 887.94 | 520.6
167 | 815.14 | 489.84
168 | 950.99 | 543.84
169 | 226.58 | 501.62
171 | 582.19 | 478.64
173 | 368.8 | 526.24
174 | 505.91 | 579.48
175 | 504.18 | 538.37
176 | 974.76 | 414.58
177 | 545.29 | 447.21
179 | 705.49 | 571.78
180 | 934.52 | 435.18
181 | 754.9 | 527.4
182 | 624.69 | 477.59
183 | 752.51 | 454.62
184 | 288.55 | 412.79
187 | 429.44 | 452.84
188 | 317.31 | 451.03
189 | 290.67 | 571.78
190 | 976.76 | 491.04
191 | 915.34 | 591.55
192 | 253.41 | 525.34
193 | 63.41 | 513.88
194 | 423.69 | 469.11
195 | 552.69 | 574.27
196 | 434.77 | 476.46
197 | 593.21 | 509.49
199 | 836.97 | 490.33
200 | 221.91 | 537.65
201 | 114.82 | 472.16
202 | 956.53 | 584.81
203 | 685.61 | 477.59
204 | 873.31 | 433.38
205 | 155.55 | 502.51
206 | 111.31 | 370.53
210 | 51.67 | 525.34
212 | 487.3 | 574.94
213 | 288.87 | 529.65
215 | 439.95 | 411.5
216 | 945.53 | 579.48
218 | 486.16 | 584.23
219 | 993.34 | 511.16
220 | 852.64 | 412.49
221 | 766.9 | 541.38
222 | 171.29 | 486.92
224 | 590.72 | 457.31
226 | 57.97 | 444.71
227 | 882.95 | 449.95
228 | 136.29 | 570.45
229 | 447.96 | 498.96
230 | 97.22 | 526.24
232 | 664.33 | 459.12
234 | 816.15 | 533.13
235 | 800.66 | 508.26
236 | 706.31 | 473.47
237 | 955.25 | 472.16
238 | 66.25 | 623.35
239 | 16.43 | 387.8
240 | 556.96 | 529.65
242 | 627.35 | 521.9
243 | 532.18 | 441.57
244 | 446.93 | 510.11
245 | 501.1 | 498.96
246 | 317.08 | 491.06
247 | 192.18 | 499.59