1 | 57
2 | 52
3 | 57
4 | 43
5 | 51
6 | 54
7 | 68
8 | 53
9 | 54
10 | 57
11 | 71
12 | 46
13 | 58
14 | 52
15 | 50
16 | 57
17 | 52
18 | 49
19 | 42
20 | 53
21 | 57
22 | 54
23 | 56
24 | 45
25 | 45
26 | 46
27 | 45
28 | 34
29 | 48
30 | 54
31 | 43
32 | 51
33 | 40
34 | 45
35 | 52
36 | 59
37 | 53
38 | 47
39 | 53
40 | 55
41 | 65
42 | 61
43 | 45
44 | 53
45 | 61
46 | 48
47 | 38
48 | 41
49 | 44
50 | 34
51 | 53
52 | 65
53 | 49
54 | 46
55 | 49
56 | 59
57 | 51
58 | 42
59 | 62
60 | 39
61 | 54
62 | 43
63 | 39
64 | 48
65 | 56
66 | 52
67 | 34
68 | 47
69 | 42
70 | 54
71 | 54
72 | 47
73 | 51
74 | 48
75 | 38
76 | 48
77 | 61
78 | 52
79 | 39
80 | 61
81 | 44
82 | 48
83 | 48
84 | 49
85 | 50
86 | 53
87 | 54
88 | 54
89 | 39
90 | 50
91 | 40
92 | 58
93 | 38
94 | 59
95 | 72
96 | 51
97 | 61
98 | 50
99 | 54
100 | 54
101 | 57
102 | 41
103 | 59
104 | 52
105 | 58
106 | 60
107 | 55
108 | 54
109 | 42
110 | 52
111 | 52
112 | 49
113 | 49
114 | 42
115 | 67
116 | 50
117 | 54
118 | 41
119 | 51
120 | 39
121 | 60
122 | 45
123 | 59
124 | 35
125 | 53
126 | 54
127 | 42
128 | 54
129 | 56
130 | 56
131 | 35
132 | 45
133 | 45
134 | 46
135 | 58
136 | 51
137 | 49
138 | 45
139 | 53
140 | 51
141 | 53
142 | 39
143 | 49
144 | 62
145 | 55
146 | 51
147 | 46
148 | 43
149 | 52
150 | 48
151 | 44
152 | 36
153 | 58
154 | 58
155 | 43
156 | 58
157 | 55
158 | 41
159 | 51
160 | 48
161 | 53
162 | 50
163 | 46
164 | 49
165 | 50
166 | 42
167 | 54
168 | 45
169 | 46
170 | 38
171 | 46
172 | 40
173 | 44
174 | 54
175 | 59
176 | 52
177 | 52
178 | 48
179 | 65
180 | 48
181 | 46
182 | 52
183 | 52
184 | 46
185 | 54
186 | 48
187 | 35
188 | 52
189 | 68
190 | 58
191 | 34
192 | 55
193 | 44
194 | 48
195 | 76
196 | 53
197 | 64
198 | 48
199 | 43
200 | 49