47 | 971.47
281 | 248.34
457 | 4789.65
869 | 1113.60
942 | 108.94
950 | 807.15
1298 | 1435.27
3027 | 789.37
3073 | 1161.40
3269 | 3315.64
3737 | 3502.19
4023 | 936.98
4216 | 1545.57
4413 | 4115.67
4589 | 6265.78
4762 | 20.00
4833 | 3315.59
4939 | 2856.24
5265 | 561.67
5718 | 151.14
5897 | 2410.92
6511 | 3122.90
7606 | 990.82
8169 | 337.71
8453 | 18.03
9031 | 459.76
9687 | 973.71
10378 | 2614.53
10923 | 2873.85
10974 | 3623.32
11327 | 225.94
11479 | 8015.34
11859 | 1755.06
12255 | 1447.09
12654 | 4772.16
12840 | 3284.63
12970 | 595.04
13207 | 2520.90
13312 | 5640.46
13532 | 1745.85
14258 | 374.75
14524 | 316.90
15081 | 892.98
15902 | 1178.50
16269 | 2789.09
16854 | 303.66
17034 | 1122.02
17315 | 1514.31
17465 | 652.60
18380 | 589.67
18540 | 1150.93
18983 | 2794.43
19173 | 4324.18
19517 | 3317.40
19560 | 1195.30
19706 | 590.17
20028 | 416.67
20045 | 1412.82
20117 | 2642.03
20309 | 494.86
21123 | 1291.57
21953 | 2060.58
21992 | 3483.68
22037 | 1655.01
22147 | 1302.34
22148 | 3417.72
22307 | 471.82
22507 | 1654.24
23218 | 2085.65
23452 | 2124.66
23529 | 5064.38
23673 | 1251.66
23781 | 3125.38
23817 | 2654.13
23880 | 252.02
24103 | 301.24
24275 | 1698.65
26089 | 1836.78
26663 | 929.76
27468 | 846.50
27504 | 2607.60
27862 | 500.40
28693 | 659.04
29538 | 1534.11
29583 | 4556.53
31065 | 5880.03
31390 | 3646.36
31469 | 3533.94
31696 | 965.04
31898 | 54.20
32998 | 412.44
33358 | 317.23
33374 | 812.13
33876 | 2611.68
33963 | 177.39
34032 | 504.18
34762 | 978.80
34890 | 3223.96
34981 | 861.84
36326 | 1920.83
36519 | 895.1
36595 | 2636.41
36627 | 1916.58
36886 | 671.93
37157 | 1861.56
37714 | 2050.47
37946 | 2971.94
38647 | 4185.93
39038 | 3198.02
39156 | 1264.88
39181 | 2684.36
40699 | 1504.02
41297 | 2674.05
41699 | 198.27
42323 | 162.28
42378 | 606.8
42795 | 7410.38
43866 | 383.92
44765 | 791.27
45796 | 4589.72
46636 | 1942.66
47487 | 1147.74
47593 | 6913.11
47962 | 2638.54
48063 | 872.95
48589 | 3651.1
49665 | 574.1
49768 | 961.57
50439 | 1444.39
51313 | 2049.14
51981 | 402.02
52069 | 1159.65
52233 | 3814.77
52686 | 2340.75
52893 | 882.07
52991 | 1692.58
53330 | 2877.83
53797 | 2768.89
53968 | 4179.34
54493 | 6348.56
55008 | 708.71
55052 | 750.2
55237 | 4351.84
56409 | 5003.22
56614 | 2743.43
57068 | 459.55
57113 | 3082.07
57679 | 840.52
58303 | 317.15
59915 | 2760.92
60180 | 1003.7
60278 | 1939.9
60487 | 5701.06
60656 | 3029.28
61030 | 834.74
61548 | 984.34
62505 | 1916.65
62565 | 1057.82
62686 | 2390.93
63495 | 6004.74
63986 | 2959.18
64081 | 2378.44
64110 | 6702.14
64404 | 766.77
65059 | 4403.79
65131 | 3098.29
65359 | 868.44
65654 | 5498.25
66112 | 2804.67
66379 | 518.35
66569 | 1657.71
67003 | 585.77
67042 | 1496.75
67727 | 948.13
67793 | 184.25
68202 | 1538.57
68303 | 1486.63
68632 | 2118.42
68655 | 3774.71
69008 | 2867.66
69152 | 698.21
69251 | 1604.27
69325 | 2313.46
69615 | 3982.98
69617 | 1794.21
69660 | 7906.59
70218 | 1913.4
70427 | 3958.9
70458 | 6338.9
70497 | 1441.51
70527 | 11905.64
70842 | 1752.5
70896 | 1179.27
70916 | 1211.71
71047 | 2825.04
71283 | 1111.38
72131 | 837.78
72750 | 726.77
73120 | 1618.41
73155 | 551